<?xml version="1.0" encoding="UTF-8"?>
<document version="1.5.0">
  <chunk label="Chunk 1" enabled="true">
    <sensors next_id="1">
      <sensor id="0" label="NIKON Z 50, NIKKOR Z DX 16-50mm f/3.5-6.3 VR (32.5mm)" type="frame">
        <resolution width="5600" height="3728"/>
        <property name="pixel_width" value="0.0043545917307316389"/>
        <property name="pixel_height" value="0.0043545917307316389"/>
        <property name="focal_length" value="32.5"/>
        <property name="layer_index" value="0"/>
        <bands>
          <band label="Red"/>
          <band label="Green"/>
          <band label="Blue"/>
        </bands>
        <data_type>uint8</data_type>
        <calibration type="frame" class="adjusted">
          <resolution width="5600" height="3728"/>
          <f>7291.1653243778974</f>
          <cx>-35.205740310212278</cx>
          <cy>445.11560918093676</cy>
          <k1>0.22054193536219924</k1>
          <k2>-1.5838557800949722</k2>
          <k3>10.263702920030523</k3>
          <p1>-0.0018790282495975046</p1>
          <p2>0.0095345448076458676</p2>
        </calibration>
        <covariance>
          <params>f cx cy k1 k2 k3 p1 p2</params>
          <coeffs>8.9443946479652241e+03 -1.1393814535195504e+02 -1.1757490545187729e+04 1.1238254234004745e+00 -2.6625929590927544e+01 2.5357858770207153e+02 1.8491087002484977e-02 -2.6839363333475957e-01 -1.1393814535195504e+02 1.4847795124022008e+02 1.7022617952374247e+02 -1.8813416721361179e-02 4.1214147375720711e-01 -2.0707534366985554e+00 1.2124316340306994e-02 8.1946316910713381e-03 -1.1757490545187729e+04 1.7022617952374247e+02 1.5952375355929100e+04 -1.7454874350338543e+00 3.7786817013731167e+01 -3.4112845243080778e+02 -2.1432026673538510e-02 3.6829626219643469e-01 1.1238254234004745e+00 -1.8813416721361179e-02 -1.7454874350338543e+00 4.7738934899800096e-04 -8.0056399887982240e-03 5.1857103774486157e-02 -4.6988850774084426e-07 -3.3967058114936876e-05 -2.6625929590927544e+01 4.1214147375720711e-01 3.7786817013731167e+01 -8.0056399887982240e-03 1.9634512710793567e-01 -1.3600438960298511e+00 -3.0724008777208817e-05 9.0042056098893204e-04 2.5357858770207153e+02 -2.0707534366985554e+00 -3.4112845243080778e+02 5.1857103774486157e-02 -1.3600438960298511e+00 1.0544812225281349e+01 5.7328598460834742e-04 -7.9704619968951045e-03 1.8491087002484977e-02 1.2124316340306994e-02 -2.1432026673538510e-02 -4.6988850774084426e-07 -3.0724008777208817e-05 5.7328598460834742e-04 1.1814520078246570e-06 -2.4557631440241580e-07 -2.6839363333475957e-01 8.1946316910713381e-03 3.6829626219643469e-01 -3.3967058114936876e-05 9.0042056098893204e-04 -7.9704619968951045e-03 -2.4557631440241580e-07 1.0013521316504468e-05</coeffs>
        </covariance>
        <meta>
          <property name="Exif/BodySerialNumber" value="6030955"/>
          <property name="Exif/LensModel" value="NIKKOR Z DX 16-50mm f/3.5-6.3 VR"/>
          <property name="Exif/LensSerialNumber" value="20091660"/>
          <property name="Exif/Make" value="NIKON CORPORATION"/>
          <property name="Exif/Model" value="NIKON Z 50"/>
          <property name="Exif/Software" value="darktable 3.8.1"/>
        </meta>
      </sensor>
    </sensors>
    <components next_id="1" active_id="0">
      <component id="0" label="Component 1">
        <region>
          <center>6.2559202785616760e-02 1.0533891488677294e-01 -2.1205764286403799e+00</center>
          <size>1.1984794139862061e+00 6.5215578079223624e-01 3.9331774711608869e-01</size>
          <R>-8.7957849358801166e-01 2.3410904217913603e-01 -4.1416739367967143e-01 -4.6597186541417757e-01 -5.9954876409673441e-01 6.5070077617328070e-01 -9.5978613554665512e-02 7.6533276150968876e-01 6.3643842585129828e-01</R>
        </region>
        <partition>
          <camera_ids>0 1 2 3 4 5 6 7 8 9 10 11</camera_ids>
        </partition>
      </component>
    </components>
    <cameras next_id="12" next_group_id="0">
      <camera id="0" sensor_id="0" component_id="0" label="_DSC3169">
        <transform>4.4642617694099140e-01 -4.7966024253189943e-01 7.5540037084720235e-01 -1.6801395801286589e+00 -5.1101741310691451e-01 -8.2965222281057016e-01 -2.2480745692035486e-01 5.1044878236842406e-01 7.3455079609470741e-01 -2.8566280982956033e-01 -6.1549320632880455e-01 -8.8747413782652018e-01 0 0 0 1</transform>
        <orientation>1</orientation>
      </camera>
      <camera id="1" sensor_id="0" component_id="0" label="_DSC3170">
        <transform>-3.7553529251079118e-02 -5.2791847292643213e-01 8.4846438840048699e-01 -1.8832185388090041e+00 -6.1184262881723328e-01 -6.5916083586402818e-01 -4.3721343760805531e-01 1.0090821134765486e+00 7.9008754578388718e-01 -5.3554558947493902e-01 -2.9824921054570219e-01 -1.6302574246496000e+00 0 0 0 1</transform>
        <rotation_covariance>5.3088079037677289e-06 1.1580015755939895e-05 -1.5018243268688960e-05 1.1580015755939899e-05 2.7450057740476855e-05 -3.5629941972734237e-05 -1.5018243268688962e-05 -3.5629941972734244e-05 4.6493164930451563e-05</rotation_covariance>
        <location_covariance>1.8752230174475070e-06 -2.3143928361575238e-07 -5.0990733262788340e-07 -2.3143928361575238e-07 1.1695019710544939e-05 6.8439665750077288e-06 -5.0990733262788340e-07 6.8439665750077288e-06 6.8005459924328494e-06</location_covariance>
        <orientation>1</orientation>
      </camera>
      <camera id="2" sensor_id="0" component_id="0" label="_DSC3171">
        <transform>-5.2591295533313753e-01 -4.2006764137866553e-01 7.3956658934765995e-01 -1.6150421094440388e+00 -5.6630992055345508e-01 -4.7581967973085271e-01 -6.7297006342300858e-01 1.5602795549724224e+00 6.3459328494359679e-01 -7.7274757136298633e-01 1.2351261356690610e-02 -2.3526487897281756e+00 0 0 0 1</transform>
        <rotation_covariance>7.3368397656706696e-05 7.7686874556989410e-05 -1.0317178916242132e-04 7.7686874556989424e-05 8.4808672273031574e-05 -1.1217994228287152e-04 -1.0317178916242133e-04 -1.1217994228287152e-04 1.4903090815807722e-04</rotation_covariance>
        <location_covariance>7.4444760862081934e-06 -1.0376767611179401e-05 -8.5987965284715795e-06 -1.0376767611179401e-05 1.5892022313635025e-04 1.0934745532773157e-04 -8.5987965284715795e-06 1.0934745532773157e-04 8.3518560318657150e-05</location_covariance>
        <orientation>1</orientation>
      </camera>
      <camera id="3" sensor_id="0" component_id="0" label="_DSC3172">
        <transform>-8.7492533628534741e-01 -1.7660195824880401e-01 4.5090731228120406e-01 -9.2845732990094931e-01 -3.7566885024773777e-01 -3.4004262982092121e-01 -8.6211595789546480e-01 1.9960479398942896e+00 3.0557907467546663e-01 -9.2367892595163148e-01 2.3116805764059634e-01 -2.8531209794837182e+00 0 0 0 1</transform>
        <rotation_covariance>3.0201945418657750e-04 1.7954976497240436e-04 -2.4933431263213533e-04 1.7954976497240436e-04 1.0888896234257595e-04 -1.5081505315834188e-04 -2.4933431263213533e-04 -1.5081505315834190e-04 2.0942061504783377e-04</rotation_covariance>
        <location_covariance>1.5451165346371389e-05 -4.9717430472886034e-05 -3.4509996846224704e-05 -4.9717430472886034e-05 6.5931969195832279e-04 4.6993923376276398e-04 -3.4509996846224704e-05 4.6993923376276398e-04 3.4726464207533210e-04</location_covariance>
        <orientation>1</orientation>
      </camera>
      <camera id="4" sensor_id="0" component_id="0" label="_DSC3173">
        <transform>-9.8935805889060613e-01 1.3161959888153851e-01 6.2023483443573856e-02 -1.5545703016082111e-02 -9.7432595942214900e-02 -2.8270999485325105e-01 -9.5424417632911773e-01 2.2022147454969638e+00 -1.0806257703836908e-01 -9.5013227500192743e-01 2.9252545093288673e-01 -2.9828491809037940e+00 0 0 0 1</transform>
        <rotation_covariance>6.8577035566471441e-04 2.2959232658754852e-04 -3.3896581330740937e-04 2.2959232658754852e-04 7.8988508787917311e-05 -1.1592951145338689e-04 -3.3896581330740937e-04 -1.1592951145338688e-04 1.7087821758395827e-04</rotation_covariance>
        <location_covariance>2.5992145283307474e-05 -1.2859122071123418e-04 -8.9865648011472912e-05 -1.2859122071123418e-04 1.4933728329181988e-03 1.0864760663926590e-03 -8.9865648011472912e-05 1.0864760663926590e-03 8.1015388571681638e-04</location_covariance>
        <orientation>1</orientation>
      </camera>
      <camera id="5" sensor_id="0" component_id="0" label="_DSC3174">
        <transform>-8.4101584637626114e-01 4.2569993004484030e-01 -3.3387410157698394e-01 9.0584628370164944e-01 2.0439098411688833e-01 -3.2138416232334810e-01 -9.2462778771754894e-01 2.1241011347895595e+00 -5.0091583300565579e-01 -8.4586747766274628e-01 1.8327994564794131e-01 -2.7150523488986393e+00 0 0 0 1</transform>
        <rotation_covariance>1.0828599725192822e-03 1.5978921143297857e-04 -2.6835762708826580e-04 1.5978921143297863e-04 2.5804837147872032e-05 -4.2063638838007580e-05 -2.6835762708826586e-04 -4.2063638838007566e-05 6.9726061169709180e-05</rotation_covariance>
        <location_covariance>3.7666137256628699e-05 -2.3456184200893528e-04 -1.6767306031398942e-04 -2.3456184200893528e-04 2.3639912188574293e-03 1.7392549601839987e-03 -1.6767306031398942e-04 1.7392549601839987e-03 1.3073779164096367e-03</location_covariance>
        <orientation>1</orientation>
      </camera>
      <camera id="6" sensor_id="0" component_id="0" label="_DSC3175">
        <transform>-4.7387171136660650e-01 6.3028654227517966e-01 -6.1496705260792794e-01 1.5507602263454214e+00 4.3458368372231310e-01 -4.3999978230252912e-01 -7.8583536024797951e-01 1.7925249497152926e+00 -7.6588682127898566e-01 -6.3963979410331051e-01 -6.5408797501913279e-02 -2.1254493771449368e+00 0 0 0 1</transform>
        <rotation_covariance>1.2641290702108993e-03 -1.9398783325694029e-05 -5.1928587104311112e-05 -1.9398783325694009e-05 2.3469400055773365e-06 -1.5936093703386690e-06 -5.1928587104311058e-05 -1.5936093703386939e-06 5.3715069190107670e-06</rotation_covariance>
        <location_covariance>4.3897687633817674e-05 -2.9505997079804142e-04 -2.1582811926111373e-04 -2.9505997079804142e-04 2.7478082207908002e-03 2.0432901352838138e-03 -2.1582811926111373e-04 2.0432901352838138e-03 1.5544502011634739e-03</location_covariance>
        <orientation>1</orientation>
      </camera>
      <camera id="7" sensor_id="0" component_id="0" label="_DSC3176">
        <transform>2.1223629457291115e-02 6.8889955724256391e-01 -7.2454603551717667e-01 1.7916561324904845e+00 5.4893318112467770e-01 -6.1373068322434798e-01 -5.6745661607678566e-01 1.2782573403911648e+00 -8.3559674497511138e-01 -3.8568387119501546e-01 -3.9118541803986673e-01 -1.3614810756873932e+00 0 0 0 1</transform>
        <rotation_covariance>1.1274332114676855e-03 -1.9938834636033033e-04 1.8868303960467721e-04 -1.9938834636033031e-04 3.7215740154287593e-05 -3.5734888341534387e-05 1.8868303960467724e-04 -3.5734888341534401e-05 3.4785137690912742e-05</rotation_covariance>
        <location_covariance>4.1498329973834736e-05 -2.7837394345008580e-04 -2.1043239877910217e-04 -2.7837394345008580e-04 2.4439014139801428e-03 1.8403539660425121e-03 -2.1043239877910217e-04 1.8403539660425121e-03 1.4199643492811497e-03</location_covariance>
        <orientation>1</orientation>
      </camera>
      <camera id="8" sensor_id="0" component_id="0" label="_DSC3177">
        <transform>5.1901319817018277e-01 5.8743545577706624e-01 -6.2092260823805590e-01 1.5331609838293705e+00 5.0649170497663309e-01 -7.9651570105519964e-01 -3.3019523128356520e-01 7.2465705125544699e-01 -6.8854299278623254e-01 -1.4311646749600435e-01 -7.1093334695767607e-01 -6.1894904173648180e-01 0 0 0 1</transform>
        <rotation_covariance>7.4665098772825776e-04 -2.7154767245640417e-04 3.0333582748916352e-04 -2.7154767245640422e-04 1.0070049781188032e-04 -1.1268811976120309e-04 3.0333582748916352e-04 -1.1268811976120306e-04 1.2642998994769861e-04</rotation_covariance>
        <location_covariance>3.3794919265757539e-05 -2.0222687180791312e-04 -1.5809216159649246e-04 -2.0222687180791312e-04 1.6096690004069715e-03 1.2256198556639182e-03 -1.5809216159649246e-04 1.2256198556639182e-03 9.6072066172594322e-04</location_covariance>
        <orientation>1</orientation>
      </camera>
      <camera id="9" sensor_id="0" component_id="0" label="_DSC3178">
        <transform>8.7288039527808159e-01 3.4990617441599348e-01 -3.4006688260508933e-01 8.6507550380743370e-01 3.2202264496288913e-01 -9.3672803981139541e-01 -1.3726614863907693e-01 2.7974736676651663e-01 -3.6658045729455391e-01 1.0307693081602343e-02 -9.3032925343291839e-01 -1.1692084971906135e-01 0 0 0 1</transform>
        <rotation_covariance>3.4966104630159876e-04 -2.1193048947620036e-04 2.5226659116490995e-04 -2.1193048947620039e-04 1.3021534406974363e-04 -1.5507333305840533e-04 2.5226659116490995e-04 -1.5507333305840533e-04 1.8496786501324687e-04</rotation_covariance>
        <location_covariance>2.1277320444321505e-05 -1.0358739490936352e-04 -8.4756968233274819e-05 -1.0358739490936352e-04 7.5377721570094004e-04 5.8047797358212489e-04 -8.4756968233274819e-05 5.8047797358212489e-04 4.6447981931908443e-04</location_covariance>
        <orientation>1</orientation>
      </camera>
      <camera id="10" sensor_id="0" component_id="0" label="_DSC3179">
        <transform>9.9787607256083821e-01 4.0298538140964991e-02 5.1179797129897189e-02 -5.4182897794110785e-02 4.2478758141715769e-02 -9.9820359626831545e-01 -4.2250863940739250e-02 6.5696892956145739e-02 4.9385209499341581e-02 4.4335180395510210e-02 -9.9779531611548655e-01 2.8343942650119979e-02 0 0 0 1</transform>
        <rotation_covariance>9.5706285291331068e-05 -9.7065549893191725e-05 1.1856732205561353e-04 -9.7065549893191752e-05 1.0054810489978658e-04 -1.2260650139981569e-04 1.1856732205561353e-04 -1.2260650139981569e-04 1.4995628184468995e-04</rotation_covariance>
        <location_covariance>1.1062863291267282e-05 -3.5480915255628325e-05 -3.0919637546778703e-05 -3.5480915255628325e-05 2.0434570889307424e-04 1.6115925226274993e-04 -3.0919637546778703e-05 1.6115925226274993e-04 1.3438992183327920e-04</location_covariance>
        <orientation>1</orientation>
      </camera>
      <camera id="11" sensor_id="0" component_id="0" label="_DSC3180">
        <transform>8.5973550282242250e-01 -2.5563750445793765e-01 4.4215871754517599e-01 -9.6416548041172423e-01 -2.5374652452359142e-01 -9.6511111726493537e-01 -6.4600562101480019e-02 1.2767097924214499e-01 4.4324662038065810e-01 -5.6656841123969487e-02 -8.9460741997536386e-01 -2.2597901183907743e-01 0 0 0 1</transform>
        <rotation_covariance>9.1261416112146119e-06 -1.7606612186202665e-05 2.2271371988532300e-05 -1.7606612186202671e-05 3.6371910857350321e-05 -4.5753047417149817e-05 2.2271371988532297e-05 -4.5753047417149811e-05 5.7855514362526890e-05</rotation_covariance>
        <location_covariance>2.1204978610474424e-06 -4.1479320363467265e-06 -4.6953601582001713e-06 -4.1479320363467265e-06 1.8858383691611979e-05 1.5402052388805461e-05 -4.6953601582001713e-06 1.5402052388805461e-05 1.3994540058504797e-05</location_covariance>
        <orientation>1</orientation>
      </camera>
    </cameras>
    <reference>LOCAL_CS["Local Coordinates (m)",LOCAL_DATUM["Local Datum",0],UNIT["metre",1,AUTHORITY["EPSG","9001"]]]</reference>
    <region>
      <center>6.2559202785616760e-02 1.0533891488677294e-01 -2.1205764286403799e+00</center>
      <size>1.1984794139862061e+00 6.5215578079223624e-01 3.9331774711608869e-01</size>
      <R>-8.7957849358801166e-01 2.3410904217913603e-01 -4.1416739367967143e-01 -4.6597186541417757e-01 -5.9954876409673441e-01 6.5070077617328070e-01 -9.5978613554665512e-02 7.6533276150968876e-01 6.3643842585129828e-01</R>
    </region>
    <settings>
      <property name="accuracy_tiepoints" value="1"/>
      <property name="accuracy_cameras" value="10"/>
      <property name="accuracy_cameras_ypr" value="10"/>
      <property name="accuracy_markers" value="0.0050000000000000001"/>
      <property name="accuracy_scalebars" value="0.001"/>
      <property name="accuracy_projections" value="0.5"/>
    </settings>
    <meta>
      <property name="AlignCameras/adaptive_fitting" value="false"/>
      <property name="AlignCameras/cameras" value=""/>
      <property name="AlignCameras/duration" value="2.196132"/>
      <property name="AlignCameras/min_image" value="2"/>
      <property name="AlignCameras/ram_used" value="6275072"/>
      <property name="AlignCameras/reset_alignment" value="false"/>
      <property name="AlignCameras/subdivide_task" value="true"/>
      <property name="OptimizeCameras/sigma0" value="0.164212295920521"/>
    </meta>
  </chunk>
</document>
